6743
15733
6754
11176
11992
6926
9598
9623
3630
11822
3691
7705
11579
10982
1213
1736
1928
5507
7829
9763
7925
694
4682
4634
4646
418
10681
15202
11721
158
3604
4697
4221
15337
13011
10186
2321
8487
475
11741
5098
14123
6833
8218
12706
151
64
10668
12283
8442
8493
4103
11765
8208
278
13003
8353
7085
9415
12389
11975
1157
2164
3986
9603
10264
11621
8983
5851
1918
11590
2717
10916
5718
14312
8771
8898
8167
2485
4861
2507
11584
12317
9197
8638
13890
1455
10242
5592
5845
8340
7006
11785
9041
13206
991
1700
5755
6976
8029
8758
1927
11953
10154
93
8355
10497
599
5877
11474
15461
1941
9846
8030
11792
4905
4633
867
7836
7182
10779
1960
15398
15329
1618
11504
9557
2566
2314
11681
13161
2455
4457
5071
4583
9075
4287
4781
3925
8670
13260
7934
3633
2363
5223
2245
12334
280
13055
1000
15569
5779
12594
4416
7774
15406
9104
6882
15256
1520
8835
168
8827
4882
1824
4043
9571
9654
11514
4720
2197
5699
13699
7221
13210
5177
11643
9082
10524
13950
7837
10574
9429
8757
5409
10928
6623
7770
13549
12491
5247
9538
7943
6950
12354
12490
11153
15592
10013
2229
10467
7842
12645
7945
8371
10946
13411
13407
798
5735
8210
10807
4166
12664
13946
1130
5137
9812
15470
1878
7242
2336
11105
298
15690
4919
14052
8947
13175
5647
3611
1357
9526
5545
13335
2709
4989
10958
9802
5641
745
5482
12151
7706
5055
878
1752
7801
1921
8742
1881
6900
12325
10948
15581
8382
1727
5537
12224
8286
8071
1069
11555
10448
8043
13628
12760
7992
10962
14266
2116
11934
4077
8721
299
7814
13254
3960
1387
8637
1324
7913
14214
13017
2174
620
125
13697
8934
12818
11078
3831
11237
463
12511
9640
9335
10369
6678
11845
6651
5101
8388
3958
5281
10870
9902
1498
13244
5539
10040
13167
14153
5341
11773
11593
9119
10068
4263
1080
10849
5385
12197
13664
8627
1981
12672
4529
10522
7114
275
5094
15678
8062
13176
2462
9583
1145
15562
11908
3738
3853
8433
5465
3682
1040
3867
434
217
2299
9533
960
82
13118
1217
927
10814
1197
12640
1477
15416
11501
9098
11958
10857
10952
3954
12739
4218
3567
1139
5481
4336
13770
4421
2082
6971
11170
3728
10481
15749
4209
11713
4579
10624
1429
13547
15597
2055
4362
12460
954
10605
1008
8391
2296
9342
6776
9947
72
1195
13538
3649
4382
2538
9325
4931
8156
10268
10938
6675
15689
9892
13353
7623
2112
946
5446
2133
1822
13346
1159
15275
6912
11906
8545
1470
4073
1208
13064
10151
860
9519
11258
13972
1319
12137
2066
11649
13905
4879
3825
10749
12444
1723
1120
1059
8504
4015
6838
37
6785
6892
13081
10483
1417
9806
12627
9257
15659
14129
7959
8651
13495
4159
4705
10640
909
9474
11159
7159
5132
9987
4915
2316
2721
4655
155
12284
11742
736
13792
1369
4885
2390
1655
5502
10912
7639
2593
2365
8828
8336
13512
9073
1005
4708
1046
10085
10318
2002
1390
8326
13904
3965
10592
13885
4210
6801
2592
4156
9756
8066
5473
4247
19
675
10713
11753
11666
10748
573
2120
8481
9891
4673
8697
6860
9516
13503
8909
13045
7762
13769
5005
9502
4485
11580
1691
7759
4818
4936
236
932
14305
4760
11586
8868
10304
1571
10344
9893
15686
12603
9289
5200
10441
13320
7717
11870
1689
2260
4146
8473
11044
11917
12281
12297
8829
12017
1219
3834
484
3961
5442
4940
13685
13877
11595
13422
4937
4048
12817
898
1412
10985
5152
10989
7662
13028
1970
1315
4703
6640
394
435
587
13618
497
2389
6940
13810
12071
12515
4186
8374
472
15197
12967
11244
9862
11562
8646
9419
11685
1083
15183
4728
12653
995
5414
4340
10291
11507
9942
10956
6607
12342
10981
15755
14075
9176
3618
4758
14016
13811
2447
7133
5368
12840
12231
12059
9869
7953
2519
9359
9441
9018
7763
13100
1987
3860
4871
1404
9253
7674
5795
12987
2039
4097
11313
7964
4679
2019
4829
13775
12555
1631
200
9366
1177
11506
10319
13720
15529
3699
5762
12263
12423
2231
885
15324
5494
10350
1183
4213
5342
11389
2187
2355
10611
4288
944
2209
2535
12698
5065
1220
12296
2071
2448
3614
6674
9676
5266
12179
13744
2342
10876
5092
2526
2232
15217
4660
2035
9726
4179
15299
13718
15332
4978
4413
4364
9513
5548
9146
2408
1487
252
806
11836
7835
11922
8500
2268
13486
13401
4199
4536
12788
12493
12104
15294
11670
6773
13766
2288
13056
4412
11929
5843
3885
13268
1543
5279
10920
7043
1339
10298
13037
12581
276
15239
198
4256
15511
3897
13136
9299
7099
4612
1380
968
466
14238
3542
4603
11750
11813
13856
14137
2449
12680
13531
8024
12441
15259
3985
4109
3655
7778
7713
4402
4162
653
5564
2152
7965
4495
15304
2298
10927
4352
14020
5559
428
4959
13883
13569
8472
11984
6757
13044
5556
10787
9528
422
10487
8386
5144
12663
15507
9171
5736
5811
13201
8022
11583
1635
1821
4630
6655
813
14154
6814
8917
13613
836
11923
12442
9577
5041
3920
10828
2270
15593
8258
13259
10387
15573
10007
13246
1900
688
10342
10196
7830
2045
12775
8190
4197
4393
8542
625
8318
215
10763
14093
81
15546
12831
9864
1519
1291
12129
4997
12796
5182
8270
2562
5695
10512
4261
13221
11031
2714
10454
10791
8398
8469
2018
11287
13846
183
3890
5389
9597
2089
8761
13235
5229
10971
12736
8674
78
8463
5407
9849
4294
13937
11648
1170
9459
12623
2651
9448
1411
672
13738
3673
10792
7123
9258
5148
8155
8616
13096
3992
15330
2570
8821
2726
13555
5793
10664
4547
1096
15192
5001
4451
9534
13217
10762
1192
13434
4079
14081
11545
3730
4076
11818
9661
80
4695
4028
7059
8429
7174
14008
8952
13427
15287
4036
12644
9012
14082
1581
15410
5451
4031
4008
8489
1814
1985
8272
14146
11289
11089
9848
13047
11483
14059
6626
9436
10462
5187
15645
679
904
6758
11299
6634
5615
2353
13698
9273
11478
1694
11651
140
11810
4321
11954
9845
4180
396
10884
6903
13283
3528
347
9723
9851
5443
9387
6918
5838
5384
11895
12916
13000
8511
2481
12480
12531
9852
8121
4009
12306
10260
55
8205
10243
7855
5816
2294
10774
6871
4423
14000
10832
8289
5271
13369
2628
12656
11011
13099
8808
7097
10157
4521
2022
1242
1494
2491
12421
12648
10005
5006
9931
13851
9946
6879
15727
11989
5303
13958
8172
13106
12409
1443
8996
12240
2177
8229
4540
5477
630
1590
123
10314
10945
5849
3841
12290
10564
10999
13589
12631
8968
8592
13095
8159
8662
15198
11329
10546
13674
12102
13385
4026
12430
10854
1758
1991
9813
10882
7765
7640
1231
8611
11342
10897
13709
9232
5440
11487
1644
15302
5038
10503
5323
4512
4514
8848
15423
7779
13076
13677
4334
8485
1451
3942
8173
6868
11913
9938
451
1929
13143
8245
11293
15518
14025
1548
2267
3798
11286
13864
953
11353
11261
905
12745
10376
10755
1672
1619
13551
13795
13
13588
6698
13060
15203
12695
11198
4988
1650
7872
6792
13270
10015
12352
5167
12196
13896
8743
9897
4933
10612
5059
13465
6922
8921
3807
4865
7107
8253
3692
12340
12930
4090
7204
9884
2264
11531
15254
13529
11067
12438
8091
3950
6863
3870
12242
4443
6885
9304
10680
12209
10407
5826
9402
11547
3590
2251
15328
13388
1147
8663
5800
11628
1306
6632
592
10561
10846
10553
701
6721
11199
10347
4528
8800
12221
8979
12111
5083
7220
11991
15623
13155
1191
10079
10311
8413
9752
2397
4943
7183
8101
7825
14108
651
8333
9570
2295
11521
2178
731
8397
7246
8396
7150
12086
3530
5181
10446
14033
152
3737
4534
13948
5349
4172
8886
12072
9934
8069
2186
248
12885
1798
3795
11335
11775
2577
12634
12201
11740
14314
15606
5012
7041
921
8981
11932
13515
708
1555
1626
339
11747
3818
1361
5275
9019
2461
12355
2228
9033
13965
15604
10861
9960
7660
7807
1320
2057
12820
3648
10108
15612
4142
10528
2318
6842
9872
9217
4056
13922
9999
10061
31
3534
13552
15533
4490
4019
13009
9581
6599
10712
10117
7146
15516
15687
645
2666
3861
5480
12884
8305
5634
15528
4191
5314
8797
9766
3966
11071
3847
11864
515
8225
4239
13683
9198
1140
14023
7921
11306
1383
11675
4923
1865
5358
5518
7189
7786
581
5252
5534
5225
10495
13229
13046
13750
13308
6921
11529
14098
46
5664
10998
11065
3769
7980
1550
12262
9671
11957
4784
12466
5771
3569
7245
2548
10206
9083
7820
7780
4165
1569
251
15547
2280
9310
1248
5584
12689
12582
6954
1907
13954
12065
11947
10230
8880
5063
12271
13935
4185
5296
7127
1524
13299
5517
7949
12904
1259
9055
9674
10254
4377
10649
9682
10090
5632
6639
8314
13519
219
10834
12247
11150
9795
4511
11656
5819
9350
12495
11300
362
569
6981
2041
3605
5652
10280
14252
9087
8240
13032
11267
12564
12552
6667
8197
4738
11766
12401
13556
3940
9438
11743
14072
11754
3582
9460
6645
12156
15576
10362
2230
10208
15657
580
12138
9172
2155
12238
1032
13141
8114
71
1589
10137
8902
9648
12560
1155
11235
267
6906
2452
13468
377
10718
13245
10142
12793
10077
12550
11793
7897
10575
1676
4678
763
10261
12787
970
11348
10556
7241
13154
5202
13934
15572
9544
5250
9566
7673
1742
2281
8213
5122
2121
4802
5411
4468
682
13277
13705
8944
4337
10706
4359
1457
7009
3732
9086
4777
11716
13073
12458
4832
5732
577
4022
5654
10126
15418
