1127
4861
585
6019
1235
5228
1997
3695
4275
3133
5461
1921
5521
3135
1568
5252
216
42
3306
1666
2775
2572
3437
5800
96
5661
2204
4048
2034
3093
242
1644
2362
3186
5191
1937
4835
2325
1688
404
669
5299
27
4073
797
3822
432
4674
6028
4924
1028
5720
3758
3485
3621
4518
2331
4322
4647
1108
2
273
5110
2666
1258
4100
2504
3268
4173
2339
1577
5153
597
121
5876
5106
397
4592
2831
3824
957
490
816
4776
3193
1536
4224
5440
3348
5567
3653
1065
3279
5799
909
2408
2774
3963
4250
3250
712
5348
2819
6011
5653
5313
5836
2639
1490
5242
4898
3387
4203
2446
2285
4313
610
3531
1818
1959
3217
531
1795
832
2302
2914
4818
390
331
3143
5997
689
5258
5334
951
2589
1722
2588
4640
871
2431
2229
5339
5798
4665
2655
303
863
3784
3854
1172
5491
4576
4112
4956
3836
4613
3062
1140
3291
1025
5959
4018
2591
5149
1841
5949
1491
3384
1862
1240
129
3657
5995
6112
5487
2756
3357
1150
5247
5985
5387
5708
396
2501
5689
3407
2947
5096
800
2612
2846
4075
4151
554
4008
3367
4575
2444
401
2250
2045
5655
1659
2927
5414
1166
2420
4098
6091
4236
4352
2597
5275
524
467
2509
5806
4624
5429
5480
4243
986
4666
4954
5099
2114
3227
1822
2131
5027
2810
4599
1507
3195
2973
3395
5761
1647
1238
3126
3782
4379
557
1875
4263
441
1423
4876
3936
4741
654
4700
2830
2076
4661
5093
4286
5942
5896
965
5059
2018
3850
1746
5945
1876
3142
5319
4939
3532
5032
5217
606
5455
940
3864
842
3184
1377
4515
1450
4579
3516
4600
4509
4789
904
4597
1351
4242
1910
777
489
1394
5828
229
4295
357
1991
4759
4823
1504
2770
4205
1889
2843
5620
5941
2482
1477
5321
4706
3979
5270
1399
2300
2863
6051
3409
5396
5389
5524
2614
2366
5581
46
1329
1160
4642
2796
884
58
5244
1787
3283
4916
4725
2826
3511
1080
3654
3154
828
3258
1492
1428
5684
4772
1239
769
2986
4623
5459
4773
295
5292
1996
3709
3320
2163
2465
4467
3797
1603
5088
4302
377
1502
4434
5909
4257
3415
3838
3600
3558
5566
4420
3382
3330
3117
2361
1882
984
365
4843
1294
2900
6068
2898
3344
1530
3181
385
1694
302
3024
607
278
3785
4652
1562
3292
3912
1469
5111
3887
5145
3773
1398
4583
4563
5968
1473
3088
1046
5659
1871
4013
61
3696
1591
2153
4841
561
944
679
926
321
741
1572
628
5393
2861
3574
539
4314
2332
5337
4398
3598
5116
2970
3793
6016
3119
314
3580
4847
621
4150
2356
4964
1872
4189
3994
5982
1524
2260
3246
1879
1304
4775
1687
3058
559
4907
3960
2745
5771
4803
946
3238
1024
4133
5080
4995
4088
1884
2648
3489
3047
2582
2156
3216
5198
5759
1136
3043
529
1066
4885
1917
5669
453
4051
1913
3769
2488
5044
880
3029
339
4696
5097
3194
5756
2839
900
5167
4824
4777
158
2782
5923
1436
3130
3622
1783
5531
3098
959
2493
2222
1794
2730
1623
5557
5476
4011
1902
4305
2473
3954
5330
988
1445
2840
4078
1857
6030
3565
5791
4722
1558
3033
3321
3057
3522
109
4045
1545
125
1589
5140
3297
5752
135
5782
6024
4906
1521
1900
1376
1981
5929
1637
4938
2786
5234
1867
4035
5786
2194
2137
6047
2354
2596
5074
3305
822
1420
2301
2268
2794
4429
64
498
1288
2654
3273
653
2292
5639
1071
5437
5385
5045
3877
5642
420
3201
3736
4630
14
3876
430
3634
3105
2443
3779
5835
